{
    "format": 3,
    "training_params": {
        "nclusters": 5,
        "cov_mat_type": "diagonal",
        "epsilon": 1.0000000000000001e-09
    },
    "weights": {
        "type_id": "opencv-matrix",
        "rows": 1,
        "cols": 5,
        "dt": "d",
        "data": [ 7.5889625459202303e-01, 9.3996157133869190e-03,
            3.5954753991217912e-02, 1.8663314403820902e-01,
            9.1162316651650158e-03 ]
    },
    "means": {
        "type_id": "opencv-matrix",
        "rows": 5,
        "cols": 3,
        "dt": "d",
        "data": [ 5.8841814109788260e+00, 1.2906366866565062e+02,
            1.2560864797893208e+02, 1.0733398892640503e+02,
            1.0376785935719772e+02, 1.3583178798723293e+02,
            6.7966076330617810e+01, 1.2361029939935703e+02,
            1.2568647063561532e+02, 1.2638231826047949e+01,
            1.2673874618431213e+02, 1.2532175929117388e+02,
            1.6218111072197598e+02, 1.0674961440200954e+02,
            1.1313900063593601e+02 ]
    },
    "covs": [
        {
            "type_id": "opencv-matrix",
            "rows": 3,
            "cols": 3,
            "dt": "d",
            "data": [ 4.1676926584830802e+00, 0.0, 0.0, 0.0,
                1.7990812861446321e+00, 0.0, 0.0, 0.0,
                6.4643576140557379e-01 ]
        },
        {
            "type_id": "opencv-matrix",
            "rows": 3,
            "cols": 3,
            "dt": "d",
            "data": [ 1.5570949153817767e+02, 0.0, 0.0, 0.0,
                1.4087512469877849e+01, 0.0, 0.0, 0.0,
                4.1340747355103806e+00 ]
        },
        {
            "type_id": "opencv-matrix",
            "rows": 3,
            "cols": 3,
            "dt": "d",
            "data": [ 1.4895021246997378e+03, 0.0, 0.0, 0.0,
                1.1575232707363688e+02, 0.0, 0.0, 0.0,
                6.7239003396378052e+01 ]
        },
        {
            "type_id": "opencv-matrix",
            "rows": 3,
            "cols": 3,
            "dt": "d",
            "data": [ 5.1512884884259682e+00, 0.0, 0.0, 0.0,
                1.1301074963000699e+00, 0.0, 0.0, 0.0,
                6.1340789503377369e-01 ]
        },
        {
            "type_id": "opencv-matrix",
            "rows": 3,
            "cols": 3,
            "dt": "d",
            "data": [ 5.7856914664959000e+01, 0.0, 0.0, 0.0,
                2.2386188136071770e+00, 0.0, 0.0, 0.0,
                9.4838711323201270e+00 ]
        }
    ]
}
