{
    "format": 3,
    "training_params": {
        "nclusters": 4,
        "cov_mat_type": "diagonal",
        "epsilon": 1.0000000000000001e-09
    },
    "weights": {
        "type_id": "opencv-matrix",
        "rows": 1,
        "cols": 4,
        "dt": "d",
        "data": [ 2.7313471512260040e-01, 3.1519499447237925e-01,
            8.9689434786586628e-02, 3.2198085561843254e-01 ]
    },
    "means": {
        "type_id": "opencv-matrix",
        "rows": 4,
        "cols": 3,
        "dt": "d",
        "data": [ 1.1965438262124034e+02, 3.2211436875747978e+01,
            1.4515055303916836e+02, 1.1055864528031711e+02,
            1.9731884108440230e+01, 2.0113918630452534e+02,
            1.1247872073623165e+02, 2.3057701463623456e+01,
            8.5861860894155910e+01, 1.0760623791827170e+02,
            4.3864342448674634e+01, 1.7700120859942990e+02 ]
    },
    "covs": [
        {
            "type_id": "opencv-matrix",
            "rows": 3,
            "cols": 3,
            "dt": "d",
            "data": [ 3.3726828825161192e+01, 0., 0., 0.,
                1.5857022310229672e+02, 0., 0., 0.,
                4.1432152870580956e+02 ]
        },
        {
            "type_id": "opencv-matrix",
            "rows": 3,
            "cols": 3,
            "dt": "d",
            "data": [ 1.8591467049759267e+01, 0., 0., 0.,
                2.8106911863480320e+01, 0., 0., 0.,
                2.8046223994379733e+02 ]
        },
        {
            "type_id": "opencv-matrix",
            "rows": 3,
            "cols": 3,
            "dt": "d",
            "data": [ 4.4476164751850021e+01, 0., 0., 0.,
                2.5214173864439633e+01, 0., 0., 0.,
                1.4649666280808887e+01 ]
        },
        {
            "type_id": "opencv-matrix",
            "rows": 3,
            "cols": 3,
            "dt": "d",
            "data": [ 2.8051623203190079e+00, 0., 0., 0.,
                7.6414750049329312e+00, 0., 0., 0.,
                1.7835294738057939e+01 ]
        }
    ]
}
